graph_100_100 0 7 8 10 11 14 16 19 21 22 23 24 25 26 31 33 34 35 36 37 40 41 45 46 49 50 54 55 58 60 62 63 64 69 77 78 79 80 81 82 83 86 92 93 96
graph_100_1000 1 9 11 21 22 24 27 31 33 35 44 50 70 80
graph_100_250 3 5 6 7 11 21 30 31 35 36 37 38 49 53 58 64 65 69 73 75 76 77 78 79 81 82 86 90 91 93 99
graph_100_500 3 5 14 21 36 42 44 48 49 50 68 69 78 79 86 87 89 91 95
graph_250_1000 11 21 27 38 45 46 49 51 52 64 65 68 77 78 79 80 86 93 96 97 100 104 111 112 118 119 137 144 150 151 154 159 160 164 165 167 182 187 189 194 197 201 203 204 205 210 214 216 218 219 221 222 231 234 236 237 238 248
graph_250_250 0 10 11 22 23 24 25 26 28 30 31 32 33 35 36 38 40 45 46 49 50 58 61 62 63 64 66 67 69 72 74 75 77 78 80 81 83 86 87 89 93 96 103 104 105 106 108 109 115 116 117 118 119 120 121 123 129 131 133 134 137 138 151 153 157 159 160 162 167 169 170 171 172 175 179 180 184 185 187 190 193 197 198 201 203 204 209 213 216 217 218 219 221 222 226 227 230 233 234 238 243 245 247 248 249
graph_250_500 1 2 3 7 9 10 11 17 23 25 26 28 29 31 34 44 45 47 49 50 63 64 66 72 78 80 86 89 91 93 98 101 102 106 118 122 129 130 131 136 137 138 140 144 146 148 151 153 154 157 159 160 165 173 180 181 183 184 187 191 192 193 201 202 203 205 209 211 213 216 218 222 234 235 236 237 238 239 241 246 247 248
graph_500_1000 6 9 11 15 19 22 25 26 28 34 37 49 56 60 62 64 72 73 77 78 80 81 83 85 86 89 91 93 94 95 99 101 105 106 111 113 117 121 124 125 135 137 138 140 142 144 148 150 151 152 155 157 160 164 169 170 173 178 181 182 184 185 187 192 193 195 198 200 201 202 203 210 213 214 220 221 222 224 227 233 237 240 241 243 251 254 256 258 260 261 263 266 270 271 272 276 277 279 283 289 292 294 296 297 299 300 302 306 307 309 313 321 322 326 328 329 330 333 334 335 338 340 344 352 354 355 371 372 374 382 387 392 399 402 403 412 414 416 421 423 431 432 435 436 437 438 447 450 451 455 459 461 462 464 467 468 471 475 477 478 480 481 483 486 488 489 490 491 492 497
graph_500_500 6 10 11 12 14 21 22 23 24 25 26 28 31 33 35 36 38 40 45 46 49 50 51 55 57 58 60 61 64 67 69 70 75 77 78 80 83 86 89 94 96 105 106 108 109 113 115 117 118 119 120 121 124 125 126 127 131 134 135 137 141 147 149 150 151 153 155 157 158 159 160 163 164 167 169 170 172 175 177 180 184 185 187 190 192 193 195 197 201 203 204 206 210 213 216 217 218 219 220 224 226 230 232 237 238 239 240 243 244 245 249 251 254 256 258 261 262 267 269 271 272 273 275 277 279 280 287 288 291 292 294 297 298 302 308 310 311 314 316 317 321 326 327 329 330 334 335 337 339 340 343 345 346 347 348 353 355 357 362 369 371 374 376 381 383 384 387 388 389 391 398 399 402 403 406 407 416 420 423 424 426 429 431 432 435 436 437 438 443 450 451 455 457 459 461 462 463 464 468 469 470 471 476 477 479 480 481 483 485 486 487 491 492 499
graph_50_1000 9 13 44
graph_50_250 13 15 19 26 31 39 40 46 49
graph_50_50 1 3 9 16 19 21 22 24 25 31 33 35 36 39 40 41 44 45 46 48 49
graph_50_500 0 19 22 24 40 49
