graph_100_100 0 3 11 12 16 24 26 27 28 31 34 35 36 40 41 43 45 46 49 50 51 54 55 61 64 65 67 69 76 77 78 80 82 83 86 89 90 96 99
graph_100_1000 22 23 26 35 49 50 62 64 69
graph_100_250 10 14 18 21 22 23 26 31 35 36 44 51 56 57 60 62 63 64 65 77 79 91 99
graph_100_500 14 18 21 22 26 35 46 54 64 66 73 79 80 86
graph_250_1000 14 21 23 26 31 45 46 49 50 55 64 69 74 77 78 79 80 83 86 96 100 106 107 109 115 116 117 118 129 137 144 147 157 167 180 187 198 201 204 216 223 237 243 247
graph_250_250 0 7 8 10 12 22 23 24 26 28 33 35 36 38 39 40 44 46 47 49 55 61 62 66 67 69 76 78 80 83 86 92 96 105 108 109 110 111 115 117 118 119 121 125 130 131 132 137 151 157 160 164 165 168 169 170 171 172 175 180 184 185 187 190 192 193 195 197 198 200 201 203 204 213 214 216 217 218 219 220 222 223 225 226 228 230 231 234 236 238 239 240 243 247 248
graph_250_500 5 11 16 23 26 31 38 40 44 45 46 47 49 50 54 55 58 61 62 69 86 88 102 103 105 106 108 109 116 118 121 122 129 133 137 138 151 159 160 163 166 167 169 171 172 174 175 180 182 183 184 185 189 195 197 203 204 210 213 219 234 236 239 243 247
graph_500_1000 2 10 11 20 23 24 26 28 31 38 46 48 49 50 51 58 62 65 73 75 77 78 79 80 83 89 91 98 99 105 107 113 115 117 125 128 134 135 137 148 150 151 154 161 162 164 167 169 170 173 178 180 187 190 192 202 203 205 219 220 222 223 226 237 243 252 258 261 267 274 275 276 277 279 287 292 294 296 302 311 315 318 323 337 338 340 352 355 360 367 372 374 376 387 389 391 393 395 397 398 399 400 402 403 416 420 421 423 431 433 436 437 440 454 457 459 464 465 469 472 477 478 479 483 484 486 488 490 491 492 493 499
graph_500_500 1 9 10 12 14 21 22 23 24 25 26 28 31 33 35 36 37 38 40 47 49 50 51 53 55 58 59 61 64 66 67 74 75 77 80 83 86 88 95 96 105 106 107 108 109 113 115 116 117 118 120 121 125 131 135 137 141 149 150 151 155 157 159 163 164 167 169 170 172 174 175 177 180 184 185 186 189 192 193 198 200 204 211 213 217 218 219 220 223 224 226 230 232 233 237 238 239 240 243 244 245 248 249 251 253 254 256 258 261 267 269 270 271 272 273 279 280 281 282 288 292 302 307 308 310 311 314 317 319 321 322 324 326 327 329 330 334 337 340 341 346 347 350 355 357 367 369 372 377 378 381 383 384 387 389 391 398 399 402 403 418 421 423 424 426 431 432 434 435 436 450 451 455 457 460 464 468 469 470 471 475 476 477 479 480 481 483 485 486 491 492 493
graph_50_1000 22 44
graph_50_250 9 25 28 30 40 45
graph_50_50 3 7 9 11 16 21 22 24 25 26 31 33 35 36 37 40 41 44 46 49
graph_50_500 21 22 36 40
